<svg width="862" height="483" viewBox="0 0 862 483" fill="none" xmlns="http://www.w3.org/2000/svg" xmlns:xlink="http://www.w3.org/1999/xlink">

<g clip-path="url(#clip0)">

<rect width="862" height="483" fill="#3A7FF6"/>

<rect x="431" width="431" height="519" fill="#FCFCFC"/>

<rect x="557" y="401" width="180" height="55" fill="white"/>

<rect x="557" y="401" width="180" height="55" rx="27.5" fill="#3A7FF6"/>

<path d="M623.275 429.579V428.011H627.325V431.718C626.931 432.099 626.36 432.435 625.611 432.727C624.866 433.015 624.111 433.159 623.345 433.159C622.371 433.159 621.523 432.956 620.799 432.549C620.076 432.139 619.532 431.555 619.168 430.797C618.804 430.036 618.622 429.208 618.622 428.315C618.622 427.346 618.825 426.485 619.231 425.732C619.638 424.979 620.232 424.401 621.015 423.999C621.612 423.69 622.354 423.536 623.243 423.536C624.398 423.536 625.3 423.779 625.947 424.266C626.599 424.748 627.018 425.417 627.204 426.271L625.338 426.621C625.207 426.164 624.959 425.804 624.595 425.542C624.236 425.275 623.785 425.142 623.243 425.142C622.422 425.142 621.768 425.402 621.282 425.922C620.799 426.443 620.558 427.215 620.558 428.239C620.558 429.344 620.804 430.173 621.294 430.728C621.785 431.278 622.429 431.553 623.224 431.553C623.618 431.553 624.011 431.477 624.405 431.324C624.803 431.168 625.143 430.979 625.427 430.759V429.579H623.275ZM632.955 430.854L634.732 431.153C634.504 431.805 634.142 432.302 633.647 432.645C633.156 432.983 632.54 433.152 631.8 433.152C630.628 433.152 629.76 432.769 629.197 432.003C628.753 431.39 628.531 430.615 628.531 429.68C628.531 428.563 628.823 427.689 629.407 427.059C629.991 426.424 630.729 426.106 631.622 426.106C632.625 426.106 633.416 426.439 633.996 427.103C634.576 427.763 634.853 428.777 634.828 430.144H630.359C630.372 430.673 630.515 431.085 630.791 431.381C631.066 431.673 631.408 431.819 631.819 431.819C632.098 431.819 632.333 431.743 632.523 431.591C632.714 431.438 632.858 431.193 632.955 430.854ZM633.057 429.052C633.044 428.535 632.911 428.144 632.657 427.877C632.403 427.607 632.094 427.471 631.73 427.471C631.341 427.471 631.019 427.613 630.765 427.896C630.511 428.18 630.386 428.565 630.391 429.052H633.057ZM642.419 433H640.636V429.56C640.636 428.832 640.598 428.362 640.521 428.15C640.445 427.935 640.32 427.767 640.147 427.649C639.978 427.53 639.772 427.471 639.531 427.471C639.222 427.471 638.945 427.556 638.7 427.725C638.454 427.894 638.285 428.119 638.192 428.398C638.103 428.677 638.059 429.194 638.059 429.947V433H636.275V426.259H637.932V427.249C638.52 426.487 639.26 426.106 640.153 426.106C640.547 426.106 640.907 426.178 641.232 426.322C641.558 426.462 641.804 426.642 641.969 426.862C642.138 427.082 642.254 427.332 642.318 427.611C642.386 427.89 642.419 428.29 642.419 428.811V433ZM648.139 430.854L649.916 431.153C649.688 431.805 649.326 432.302 648.831 432.645C648.34 432.983 647.724 433.152 646.983 433.152C645.811 433.152 644.944 432.769 644.381 432.003C643.937 431.39 643.714 430.615 643.714 429.68C643.714 428.563 644.006 427.689 644.59 427.059C645.174 426.424 645.913 426.106 646.806 426.106C647.809 426.106 648.6 426.439 649.18 427.103C649.759 427.763 650.037 428.777 650.011 430.144H645.542C645.555 430.673 645.699 431.085 645.974 431.381C646.249 431.673 646.592 431.819 647.002 431.819C647.282 431.819 647.517 431.743 647.707 431.591C647.897 431.438 648.041 431.193 648.139 430.854ZM648.24 429.052C648.228 428.535 648.094 428.144 647.84 427.877C647.586 427.607 647.278 427.471 646.914 427.471C646.524 427.471 646.203 427.613 645.949 427.896C645.695 428.18 645.57 428.565 645.574 429.052H648.24ZM653.179 433H651.395V426.259H653.052V427.217C653.335 426.764 653.589 426.466 653.813 426.322C654.042 426.178 654.3 426.106 654.588 426.106C654.994 426.106 655.386 426.219 655.762 426.443L655.21 427.998C654.91 427.803 654.63 427.706 654.372 427.706C654.122 427.706 653.911 427.776 653.737 427.916C653.564 428.051 653.426 428.299 653.325 428.658C653.227 429.018 653.179 429.771 653.179 430.918V433ZM657.87 428.315L656.251 428.023C656.433 427.372 656.746 426.889 657.19 426.576C657.635 426.263 658.295 426.106 659.171 426.106C659.966 426.106 660.559 426.202 660.948 426.392C661.338 426.578 661.611 426.817 661.767 427.109C661.928 427.397 662.008 427.928 662.008 428.703L661.989 430.785C661.989 431.377 662.017 431.815 662.072 432.099C662.131 432.378 662.239 432.678 662.396 433H660.631C660.584 432.882 660.527 432.706 660.459 432.473C660.43 432.367 660.409 432.298 660.396 432.264C660.091 432.56 659.765 432.782 659.418 432.93C659.071 433.078 658.701 433.152 658.308 433.152C657.614 433.152 657.066 432.964 656.664 432.587C656.266 432.211 656.067 431.735 656.067 431.159C656.067 430.778 656.158 430.44 656.34 430.144C656.522 429.843 656.776 429.615 657.102 429.458C657.432 429.297 657.906 429.158 658.523 429.039C659.357 428.882 659.935 428.736 660.256 428.601V428.423C660.256 428.081 660.172 427.837 660.002 427.693C659.833 427.545 659.514 427.471 659.044 427.471C658.727 427.471 658.479 427.535 658.301 427.662C658.124 427.784 657.98 428.002 657.87 428.315ZM660.256 429.763C660.028 429.839 659.666 429.93 659.171 430.036C658.676 430.141 658.352 430.245 658.2 430.347C657.967 430.512 657.851 430.721 657.851 430.975C657.851 431.225 657.944 431.441 658.13 431.623C658.316 431.805 658.553 431.896 658.841 431.896C659.162 431.896 659.469 431.79 659.761 431.578C659.977 431.417 660.119 431.221 660.187 430.988C660.233 430.835 660.256 430.546 660.256 430.118V429.763ZM666.864 426.259V427.681H665.646V430.397C665.646 430.948 665.656 431.269 665.677 431.362C665.703 431.451 665.756 431.525 665.836 431.584C665.921 431.644 666.022 431.673 666.141 431.673C666.306 431.673 666.545 431.616 666.858 431.502L667.01 432.886C666.596 433.063 666.126 433.152 665.601 433.152C665.279 433.152 664.99 433.099 664.731 432.994C664.473 432.884 664.283 432.744 664.16 432.575C664.042 432.401 663.959 432.168 663.913 431.876C663.875 431.669 663.855 431.25 663.855 430.62V427.681H663.037V426.259H663.855V424.919L665.646 423.878V426.259H666.864ZM672.006 430.854L673.783 431.153C673.555 431.805 673.193 432.302 672.698 432.645C672.207 432.983 671.591 433.152 670.851 433.152C669.678 433.152 668.811 432.769 668.248 432.003C667.804 431.39 667.582 430.615 667.582 429.68C667.582 428.563 667.874 427.689 668.458 427.059C669.042 426.424 669.78 426.106 670.673 426.106C671.676 426.106 672.467 426.439 673.047 427.103C673.627 427.763 673.904 428.777 673.878 430.144H669.41C669.422 430.673 669.566 431.085 669.841 431.381C670.116 431.673 670.459 431.819 670.87 431.819C671.149 431.819 671.384 431.743 671.574 431.591C671.765 431.438 671.909 431.193 672.006 430.854ZM672.107 429.052C672.095 428.535 671.961 428.144 671.708 427.877C671.454 427.607 671.145 427.471 670.781 427.471C670.391 427.471 670.07 427.613 669.816 427.896C669.562 428.18 669.437 428.565 669.441 429.052H672.107Z" fill="white"/>

<path d="M54.8125 144.078L57.1094 131.938H60.6133L56.8281 149H53.2891L50.5117 137.586L47.7344 149H44.1953L40.4102 131.938H43.9141L46.2227 144.055L49.0352 131.938H52.0117L54.8125 144.078ZM67.7617 149.234C65.9023 149.234 64.3867 148.664 63.2148 147.523C62.0508 146.383 61.4688 144.863 61.4688 142.965V142.637C61.4688 141.363 61.7148 140.227 62.207 139.227C62.6992 138.219 63.3945 137.445 64.293 136.906C65.1992 136.359 66.2305 136.086 67.3867 136.086C69.1211 136.086 70.4844 136.633 71.4766 137.727C72.4766 138.82 72.9766 140.371 72.9766 142.379V143.762H64.9023C65.0117 144.59 65.3398 145.254 65.8867 145.754C66.4414 146.254 67.1406 146.504 67.9844 146.504C69.2891 146.504 70.3086 146.031 71.043 145.086L72.707 146.949C72.1992 147.668 71.5117 148.23 70.6445 148.637C69.7773 149.035 68.8164 149.234 67.7617 149.234ZM67.375 138.828C66.7031 138.828 66.1562 139.055 65.7344 139.508C65.3203 139.961 65.0547 140.609 64.9375 141.453H69.6484V141.184C69.6328 140.434 69.4297 139.855 69.0391 139.449C68.6484 139.035 68.0938 138.828 67.375 138.828ZM78.4844 149H75.0859V131H78.4844V149ZM86.5586 146.504C87.1836 146.504 87.6914 146.332 88.082 145.988C88.4727 145.645 88.6758 145.188 88.6914 144.617H91.8672C91.8594 145.477 91.625 146.266 91.1641 146.984C90.7031 147.695 90.0703 148.25 89.2656 148.648C88.4688 149.039 87.5859 149.234 86.6172 149.234C84.8047 149.234 83.375 148.66 82.3281 147.512C81.2812 146.355 80.7578 144.762 80.7578 142.73V142.508C80.7578 140.555 81.2773 138.996 82.3164 137.832C83.3555 136.668 84.7812 136.086 86.5938 136.086C88.1797 136.086 89.4492 136.539 90.4023 137.445C91.3633 138.344 91.8516 139.543 91.8672 141.043H88.6914C88.6758 140.387 88.4727 139.855 88.082 139.449C87.6914 139.035 87.1758 138.828 86.5352 138.828C85.7461 138.828 85.1484 139.117 84.7422 139.695C84.3438 140.266 84.1445 141.195 84.1445 142.484V142.836C84.1445 144.141 84.3438 145.078 84.7422 145.648C85.1406 146.219 85.7461 146.504 86.5586 146.504ZM93.2734 142.543C93.2734 141.285 93.5156 140.164 94 139.18C94.4844 138.195 95.1797 137.434 96.0859 136.895C97 136.355 98.0586 136.086 99.2617 136.086C100.973 136.086 102.367 136.609 103.445 137.656C104.531 138.703 105.137 140.125 105.262 141.922L105.285 142.789C105.285 144.734 104.742 146.297 103.656 147.477C102.57 148.648 101.113 149.234 99.2852 149.234C97.457 149.234 95.9961 148.648 94.9023 147.477C93.8164 146.305 93.2734 144.711 93.2734 142.695V142.543ZM96.6602 142.789C96.6602 143.992 96.8867 144.914 97.3398 145.555C97.793 146.188 98.4414 146.504 99.2852 146.504C100.105 146.504 100.746 146.191 101.207 145.566C101.668 144.934 101.898 143.926 101.898 142.543C101.898 141.363 101.668 140.449 101.207 139.801C100.746 139.152 100.098 138.828 99.2617 138.828C98.4336 138.828 97.793 139.152 97.3398 139.801C96.8867 140.441 96.6602 141.438 96.6602 142.789ZM110.547 136.32L110.652 137.738C111.551 136.637 112.766 136.086 114.297 136.086C115.93 136.086 117.051 136.73 117.66 138.02C118.551 136.73 119.82 136.086 121.469 136.086C122.844 136.086 123.867 136.488 124.539 137.293C125.211 138.09 125.547 139.293 125.547 140.902V149H122.148V140.914C122.148 140.195 122.008 139.672 121.727 139.344C121.445 139.008 120.949 138.84 120.238 138.84C119.223 138.84 118.52 139.324 118.129 140.293L118.141 149H114.754V140.926C114.754 140.191 114.609 139.66 114.32 139.332C114.031 139.004 113.539 138.84 112.844 138.84C111.883 138.84 111.188 139.238 110.758 140.035V149H107.371V136.32H110.547ZM133.996 149.234C132.137 149.234 130.621 148.664 129.449 147.523C128.285 146.383 127.703 144.863 127.703 142.965V142.637C127.703 141.363 127.949 140.227 128.441 139.227C128.934 138.219 129.629 137.445 130.527 136.906C131.434 136.359 132.465 136.086 133.621 136.086C135.355 136.086 136.719 136.633 137.711 137.727C138.711 138.82 139.211 140.371 139.211 142.379V143.762H131.137C131.246 144.59 131.574 145.254 132.121 145.754C132.676 146.254 133.375 146.504 134.219 146.504C135.523 146.504 136.543 146.031 137.277 145.086L138.941 146.949C138.434 147.668 137.746 148.23 136.879 148.637C136.012 149.035 135.051 149.234 133.996 149.234ZM133.609 138.828C132.938 138.828 132.391 139.055 131.969 139.508C131.555 139.961 131.289 140.609 131.172 141.453H135.883V141.184C135.867 140.434 135.664 139.855 135.273 139.449C134.883 139.035 134.328 138.828 133.609 138.828ZM151.176 133.203V136.32H153.344V138.805H151.176V145.133C151.176 145.602 151.266 145.938 151.445 146.141C151.625 146.344 151.969 146.445 152.477 146.445C152.852 146.445 153.184 146.418 153.473 146.363V148.93C152.809 149.133 152.125 149.234 151.422 149.234C149.047 149.234 147.836 148.035 147.789 145.637V138.805H145.938V136.32H147.789V133.203H151.176ZM154.352 142.543C154.352 141.285 154.594 140.164 155.078 139.18C155.562 138.195 156.258 137.434 157.164 136.895C158.078 136.355 159.137 136.086 160.34 136.086C162.051 136.086 163.445 136.609 164.523 137.656C165.609 138.703 166.215 140.125 166.34 141.922L166.363 142.789C166.363 144.734 165.82 146.297 164.734 147.477C163.648 148.648 162.191 149.234 160.363 149.234C158.535 149.234 157.074 148.648 155.98 147.477C154.895 146.305 154.352 144.711 154.352 142.695V142.543ZM157.738 142.789C157.738 143.992 157.965 144.914 158.418 145.555C158.871 146.188 159.52 146.504 160.363 146.504C161.184 146.504 161.824 146.191 162.285 145.566C162.746 144.934 162.977 143.926 162.977 142.543C162.977 141.363 162.746 140.449 162.285 139.801C161.824 139.152 161.176 138.828 160.34 138.828C159.512 138.828 158.871 139.152 158.418 139.801C157.965 140.441 157.738 141.438 157.738 142.789ZM186.789 134.785H181.562V149H178.047V134.785H172.891V131.938H186.789V134.785ZM193.188 143.914L191.969 145.133V149H188.582V131H191.969V140.973L192.625 140.129L195.871 136.32H199.938L195.355 141.605L200.336 149H196.445L193.188 143.914ZM204.977 149H201.578V136.32H204.977V149ZM201.379 133.039C201.379 132.531 201.547 132.113 201.883 131.785C202.227 131.457 202.691 131.293 203.277 131.293C203.855 131.293 204.316 131.457 204.66 131.785C205.004 132.113 205.176 132.531 205.176 133.039C205.176 133.555 205 133.977 204.648 134.305C204.305 134.633 203.848 134.797 203.277 134.797C202.707 134.797 202.246 134.633 201.895 134.305C201.551 133.977 201.379 133.555 201.379 133.039ZM210.895 136.32L211 137.785C211.906 136.652 213.121 136.086 214.645 136.086C215.988 136.086 216.988 136.48 217.645 137.27C218.301 138.059 218.637 139.238 218.652 140.809V149H215.266V140.891C215.266 140.172 215.109 139.652 214.797 139.332C214.484 139.004 213.965 138.84 213.238 138.84C212.285 138.84 211.57 139.246 211.094 140.059V149H207.707V136.32H210.895ZM225.285 133.203V136.32H227.453V138.805H225.285V145.133C225.285 145.602 225.375 145.938 225.555 146.141C225.734 146.344 226.078 146.445 226.586 146.445C226.961 146.445 227.293 146.418 227.582 146.363V148.93C226.918 149.133 226.234 149.234 225.531 149.234C223.156 149.234 221.945 148.035 221.898 145.637V138.805H220.047V136.32H221.898V133.203H225.285ZM235.176 149.234C233.316 149.234 231.801 148.664 230.629 147.523C229.465 146.383 228.883 144.863 228.883 142.965V142.637C228.883 141.363 229.129 140.227 229.621 139.227C230.113 138.219 230.809 137.445 231.707 136.906C232.613 136.359 233.645 136.086 234.801 136.086C236.535 136.086 237.898 136.633 238.891 137.727C239.891 138.82 240.391 140.371 240.391 142.379V143.762H232.316C232.426 144.59 232.754 145.254 233.301 145.754C233.855 146.254 234.555 146.504 235.398 146.504C236.703 146.504 237.723 146.031 238.457 145.086L240.121 146.949C239.613 147.668 238.926 148.23 238.059 148.637C237.191 149.035 236.23 149.234 235.176 149.234ZM234.789 138.828C234.117 138.828 233.57 139.055 233.148 139.508C232.734 139.961 232.469 140.609 232.352 141.453H237.062V141.184C237.047 140.434 236.844 139.855 236.453 139.449C236.062 139.035 235.508 138.828 234.789 138.828ZM249.449 139.496C248.988 139.434 248.582 139.402 248.23 139.402C246.949 139.402 246.109 139.836 245.711 140.703V149H242.324V136.32H245.523L245.617 137.832C246.297 136.668 247.238 136.086 248.441 136.086C248.816 136.086 249.168 136.137 249.496 136.238L249.449 139.496ZM257.289 149V131.938H262.539C264.039 131.938 265.379 132.277 266.559 132.957C267.746 133.629 268.672 134.59 269.336 135.84C270 137.082 270.332 138.496 270.332 140.082V140.867C270.332 142.453 270.004 143.863 269.348 145.098C268.699 146.332 267.781 147.289 266.594 147.969C265.406 148.648 264.066 148.992 262.574 149H257.289ZM260.805 134.785V146.176H262.504C263.879 146.176 264.93 145.727 265.656 144.828C266.383 143.93 266.754 142.645 266.77 140.973V140.07C266.77 138.336 266.41 137.023 265.691 136.133C264.973 135.234 263.922 134.785 262.539 134.785H260.805ZM278.512 149.234C276.652 149.234 275.137 148.664 273.965 147.523C272.801 146.383 272.219 144.863 272.219 142.965V142.637C272.219 141.363 272.465 140.227 272.957 139.227C273.449 138.219 274.145 137.445 275.043 136.906C275.949 136.359 276.98 136.086 278.137 136.086C279.871 136.086 281.234 136.633 282.227 137.727C283.227 138.82 283.727 140.371 283.727 142.379V143.762H275.652C275.762 144.59 276.09 145.254 276.637 145.754C277.191 146.254 277.891 146.504 278.734 146.504C280.039 146.504 281.059 146.031 281.793 145.086L283.457 146.949C282.949 147.668 282.262 148.23 281.395 148.637C280.527 149.035 279.566 149.234 278.512 149.234ZM278.125 138.828C277.453 138.828 276.906 139.055 276.484 139.508C276.07 139.961 275.805 140.609 275.688 141.453H280.398V141.184C280.383 140.434 280.18 139.855 279.789 139.449C279.398 139.035 278.844 138.828 278.125 138.828ZM292.527 145.496C292.527 145.082 292.32 144.758 291.906 144.523C291.5 144.281 290.844 144.066 289.938 143.879C286.922 143.246 285.414 141.965 285.414 140.035C285.414 138.91 285.879 137.973 286.809 137.223C287.746 136.465 288.969 136.086 290.477 136.086C292.086 136.086 293.371 136.465 294.332 137.223C295.301 137.98 295.785 138.965 295.785 140.176H292.398C292.398 139.691 292.242 139.293 291.93 138.98C291.617 138.66 291.129 138.5 290.465 138.5C289.895 138.5 289.453 138.629 289.141 138.887C288.828 139.145 288.672 139.473 288.672 139.871C288.672 140.246 288.848 140.551 289.199 140.785C289.559 141.012 290.16 141.211 291.004 141.383C291.848 141.547 292.559 141.734 293.137 141.945C294.926 142.602 295.82 143.738 295.82 145.355C295.82 146.512 295.324 147.449 294.332 148.168C293.34 148.879 292.059 149.234 290.488 149.234C289.426 149.234 288.48 149.047 287.652 148.672C286.832 148.289 286.188 147.77 285.719 147.113C285.25 146.449 285.016 145.734 285.016 144.969H288.227C288.258 145.57 288.48 146.031 288.895 146.352C289.309 146.672 289.863 146.832 290.559 146.832C291.207 146.832 291.695 146.711 292.023 146.469C292.359 146.219 292.527 145.895 292.527 145.496ZM301.586 149H298.188V136.32H301.586V149ZM297.988 133.039C297.988 132.531 298.156 132.113 298.492 131.785C298.836 131.457 299.301 131.293 299.887 131.293C300.465 131.293 300.926 131.457 301.27 131.785C301.613 132.113 301.785 132.531 301.785 133.039C301.785 133.555 301.609 133.977 301.258 134.305C300.914 134.633 300.457 134.797 299.887 134.797C299.316 134.797 298.855 134.633 298.504 134.305C298.16 133.977 297.988 133.555 297.988 133.039ZM303.895 142.566C303.895 140.621 304.355 139.055 305.277 137.867C306.207 136.68 307.457 136.086 309.027 136.086C310.418 136.086 311.5 136.562 312.273 137.516L312.414 136.32H315.484V148.578C315.484 149.688 315.23 150.652 314.723 151.473C314.223 152.293 313.516 152.918 312.602 153.348C311.688 153.777 310.617 153.992 309.391 153.992C308.461 153.992 307.555 153.805 306.672 153.43C305.789 153.062 305.121 152.586 304.668 152L306.168 149.938C307.012 150.883 308.035 151.355 309.238 151.355C310.137 151.355 310.836 151.113 311.336 150.629C311.836 150.152 312.086 149.473 312.086 148.59V147.91C311.305 148.793 310.277 149.234 309.004 149.234C307.48 149.234 306.246 148.641 305.301 147.453C304.363 146.258 303.895 144.676 303.895 142.707V142.566ZM307.281 142.812C307.281 143.961 307.512 144.863 307.973 145.52C308.434 146.168 309.066 146.492 309.871 146.492C310.902 146.492 311.641 146.105 312.086 145.332V140C311.633 139.227 310.902 138.84 309.895 138.84C309.082 138.84 308.441 139.172 307.973 139.836C307.512 140.5 307.281 141.492 307.281 142.812ZM321.215 136.32L321.32 137.785C322.227 136.652 323.441 136.086 324.965 136.086C326.309 136.086 327.309 136.48 327.965 137.27C328.621 138.059 328.957 139.238 328.973 140.809V149H325.586V140.891C325.586 140.172 325.43 139.652 325.117 139.332C324.805 139.004 324.285 138.84 323.559 138.84C322.605 138.84 321.891 139.246 321.414 140.059V149H318.027V136.32H321.215ZM337.387 149.234C335.527 149.234 334.012 148.664 332.84 147.523C331.676 146.383 331.094 144.863 331.094 142.965V142.637C331.094 141.363 331.34 140.227 331.832 139.227C332.324 138.219 333.02 137.445 333.918 136.906C334.824 136.359 335.855 136.086 337.012 136.086C338.746 136.086 340.109 136.633 341.102 137.727C342.102 138.82 342.602 140.371 342.602 142.379V143.762H334.527C334.637 144.59 334.965 145.254 335.512 145.754C336.066 146.254 336.766 146.504 337.609 146.504C338.914 146.504 339.934 146.031 340.668 145.086L342.332 146.949C341.824 147.668 341.137 148.23 340.27 148.637C339.402 149.035 338.441 149.234 337.387 149.234ZM337 138.828C336.328 138.828 335.781 139.055 335.359 139.508C334.945 139.961 334.68 140.609 334.562 141.453H339.273V141.184C339.258 140.434 
